(1 2 3 4 0)@(1 1)@0,000000
(1 2 3 4 0)@(0 1)@0,000000
(0 0 0 0 2)@(4 2)@0,500000
(0 2 3 2 2)@(1 1)@0,000000
(0 1 2 2 2)@(1 1)@0,000000
(0 0 0 2 2)@(3 2)@-0,600000
(0 1 0 0 1)@(4 1)@-0,500000
(0 0 0 0 5)@(4 5)@0,500000
(0 2 0 4 0)@(1 1)@0,000000
(0 1 0 0 0)@(1 1)@0,750000
(0 2 0 0 1)@(1 1)@0,000000
(0 1 0 3 0)@(3 3)@-0,600000
(1 0 0 0 0)@(0 1)@0,500000
(1 2 0 4 5)@(4 2)@0,000000
(1 2 3 4 2)@(0 1)@0,000000
(1 1 3 0 0)@(1 1)@0,000000
(1 2 0 0 3)@(0 1)@0,000000
(1 0 3 4 5)@(3 4)@0,000000
(1 0 3 0 0)@(2 3)@-0,500000
(1 0 0 0 5)@(0 1)@-0,600000
